time,x,y,z,phi,theta,psi,x_velocity,y_velocity,z_velocity,phi_velocity,theta_velocity,psi_velocity,rotor_speed1,rotor_speed2,rotor_speed3,rotor_speed4
0.06,-4.9407014822642446e-08,3.735627143694048e-08,10.006131300717167,3.984099351317383e-05,5.179291709467293e-05,0.0,-4.751824040786721e-06,3.622805466089378e-06,0.204361605846675,0.001960149084018786,0.002536193060500327,0.0,469.03721205275303,469.23408401357864,468.4795617913221,468.63190646507695
0.12000000000000001,-2.159705909470303e-06,1.4653979076194228e-06,10.019374468739215,0.00023741999591564422,0.0005398680610895212,0.0,-9.676738618831125e-05,5.859884072681679e-05,0.23707077952515443,0.005833763539714789,0.017472474036482437,0.0,413.97468715480096,415.28657569487365,415.3053140596941,415.6448121971663
0.18,-2.7709396381588958e-05,1.3090561654023634e-05,10.042996825922925,0.0002552515440763514,0.00141440552684724,0.0,-0.0008842381012567969,0.00035786403566502643,0.5502431684909709,-0.014082306598756481,0.00804079137869935,0.0,499.47276153470875,498.7844185947398,501.75532197023347,500.3076081394097
0.23999999999999996,-0.00011326514612069231,3.669305369039443e-05,10.079413574864281,6.282654025662314,0.002522384161711244,0.0,-0.002055961876639495,0.0003441273535466383,0.6635888060855656,-0.01122989050035577,0.0337908405541974,0.0,440.87776466132124,442.99986399856635,440.83663740507694,441.07235259887875
0.3,-0.00029917007886081845,4.3286289902765183e-05,10.122923318479513,6.281913550407523,0.0039818576912287185,0.0,-0.004343137889891216,-0.00019874453663187624,0.7866581747296225,-0.014662107990566258,-0.012338201375348376,0.0,446.9499370949952,443.1750903418241,444.3385204294439,444.0572188825901
0.36000000000000004,-0.0006328193417590675,4.055202365772148e-06,10.171447092390613,6.2808902445827215,0.003337813153732938,0.0,-0.006713676370429736,-0.001197640104389736,0.8307697372392261,-0.022330818841380426,-0.007704754303668831,0.0,419.7780881084038,420.1800306649911,419.23424808522356,418.56753304374905
0.4200000000000001,-0.0010988030189001757,-0.00011713214121601802,10.222999009055156,6.279365260862978,0.003077576005752647,0.0,-0.008785136135822227,-0.0029779693749677613,0.8875844791640178,-0.03243787790870789,0.0016661682670429355,0.0,423.08681686102517,423.89283408143194,424.3354765982594,423.46689960092226
0.48000000000000015,-0.0016837480720510952,-0.000373472079311975,10.277297937280608,6.277894780154131,0.0030476117913105227,0.0,-0.01071654995784624,-0.005721157977150068,0.9223514555197347,-0.012097830196844822,-0.005226848573379935,0.0,416.14401183789295,415.54028803556037,416.28276743765076,418.0584049158002
0.5400000000000001,-0.002398790638804427,-0.0008477000501729368,10.339101502082995,6.276936102832597,0.0024061453168142677,0.0,-0.013064602008796451,-0.010183998451525502,1.137577683879498,-0.02515949578631821,-0.02481794525837357,0.0,473.7086562972375,472.20005153593803,473.3975918647427,472.391680099151
0.6000000000000002,-0.0032225402550323857,-0.0015807911501239085,10.408384043926917,6.275105380176978,0.0009932185101870772,0.0,-0.014259882235934709,-0.014403442802354106,1.1718049327848628,-0.044252561731403836,-0.021124433507254705,0.0,417.35690925736316,417.67901917663943,416.98888173568264,415.31734615239276
0.6600000000000003,-0.004094513119066356,-0.0026307893815135323,10.482742256597826,6.272708767457264,6.282713861020624,0.0,-0.014660445039553275,-0.020864691613254403,1.3066551478643251,-0.03248212954539706,-0.031962267303111545,0.0,449.5154357206806,448.63632574429244,448.8556516327775,449.80892823430565
0.7200000000000003,-0.004957593153239411,-0.004104330010634357,10.563969623794735,6.271094923996767,6.281137847580506,0.0,-0.013934253062578134,-0.02843042476430001,1.400810628515351,-0.017580047626532314,-0.016794750991667454,0.0,437.28430984501006,438.54565776629795,434.9827308689287,436.22854658752794
0.7800000000000004,-0.005746483832089557,-0.006070786545043062,10.651646958184648,6.270704406954518,6.28046612929057,0.0,-0.012276156479592489,-0.0371857896159613,1.5216128399485673,0.009516163690706682,-0.0018562070532876784,0.0,444.90767011690826,446.1290759766309,444.1874611658096,446.4038802195737
0.8400000000000004,-0.006436949755891424,-0.008510616549482632,10.742163411931612,6.2715226666170345,6.280523024730897,0.0,-0.010737432566392193,-0.044083584357576915,1.4956374206140883,0.02081629932394072,0.006038219663800511,0.0,396.99022533910113,397.7138670734338,396.78106990695085,397.8169722462375
0.9000000000000005,-0.007027530901329111,-0.011391923798980115,10.834908141907379,6.272409107412784,6.280825889408225,0.0,-0.008982950864193307,-0.05184542559284866,1.595720308612032,-0.0014368296409574682,0.002989230071448223,0.0,438.64160897637055,438.3882674087829,440.71259999119206,438.8695165342502
0.9600000000000005,-0.0075174218951990284,-0.014732987007566334,10.934375566684862,6.272726955827963,6.281515477170993,0.0,-0.007397109931703787,-0.059506575305116216,1.7196823000750254,0.016180321917843896,0.02460667272378307,0.0,445.5914361161075,447.35492577535456,446.69105484193176,448.12522060711365
1.0200000000000005,-0.007932873350338538,-0.018511292897258738,11.040157906443932,6.274067704064567,6.282730699708365,0.0,-0.006587898850893815,-0.06631794022066421,1.8062640297261265,0.032465584792509716,0.009695841472170518,0.0,436.1208198167376,434.87369651748287,434.9147013808483,436.27650233147693
1.0800000000000005,-0.008321192135636788,-0.022664555991105777,11.150746624656863,6.27590350490631,1.953560720480141e-05,0.0,-0.006408149795335646,-0.07193744628276492,1.8799098703100525,0.026569929054379993,0.004049737878578504,0.0,432.0837835199223,431.6074466172024,431.7757303106897,431.2784290427028
1.1400000000000006,-0.00870831978602104,-0.027144836651412763,11.269354431905787,6.277599325010158,0.000988161243492769,0.0,-0.006574433858825555,-0.07721238073277693,2.073354735780805,0.03145201851310578,0.03323374103613933,0.0,468.42749633594485,470.69127690960823,468.1557234179462,468.5355848714905
1.2000000000000006,-0.00913197720284094,-0.03188802973028685,11.39724850430684,6.279900757341366,0.0033902433519843456,0.0,-0.007779368656891871,-0.08067170996110119,2.189566554166729,0.049461761233814766,0.05100251083671123,0.0,445.3758905326385,446.8275250598206,445.4828126321473,446.95363666408963
1.2600000000000007,-0.009684139972055458,-0.036787302102062325,11.532440917428442,6.28248151684517,0.006815124415813223,0.0,-0.010971005965649372,-0.08233771447314697,2.316598078606733,0.02522286979364475,0.06708047110522584,0.0,448.5923585823748,449.89812200380277,451.697180259353,449.739224251034
1.3200000000000007,-0.010494486803250347,-0.04173605402628704,11.673896273220333,0.001101463736491226,0.01046275122009721,0.0,-0.01642476342981384,-0.08245456087198173,2.3984094923392254,0.03837414982569143,0.04365382419283345,0.0,437.533582905414,435.5814832995486,435.51885458423556,436.61770801824855
1.3800000000000008,-0.011703979720312759,-0.046651128159743246,11.820608760014444,0.004272011472716386,0.012993403337382858,0.0,-0.024149760567142558,-0.08109572353127385,2.4918047162763286,0.07222319252502747,0.03904913474958786,0.0,440.441322791071,440.0613174678693,439.07691835719334,441.8777641165407
1.4400000000000008,-0.013427625535490333,-0.05141346247317633,11.972918134814424,0.0085307593268249,0.015029168966466777,0.0,-0.033526156351897804,-0.07721621082020268,2.584963583404097,0.0683685794360875,0.020968078198238396,0.0,441.329836289974,439.83541143639104,441.0313676473784,440.7167944611962
1.5000000000000009,-0.01572531166826106,-0.05587220069781495,12.129104488074793,0.013077089995275237,0.0159332122593856,0.0,-0.043165778023521964,-0.07100637281837711,2.6211608004988354,0.08751661418609205,-0.0006156635125139625,0.0,423.7358353498015,421.8762455687035,421.98020837167746,423.6346056155025
1.560000000000001,-0.018699044243351295,-0.059794967275573215,12.292767135353161,0.018488452660868404,0.01637257797962466,0.0,-0.05597861999848479,-0.05912688973206033,2.833750030302606,0.0950574875189034,0.01974541189256281,0.0,476.6443057812743,478.1977252910965,477.4995324752202,478.0806002257949
1.620000000000001,-0.022343779611046416,-0.06300615587597853,12.462371220123343,0.02419148991292186,0.01727071081692788,0.0,-0.06560381398533842,-0.04742676621856107,2.8197433040661948,0.0950368944348999,0.003110153234653205,0.0,408.0541357819243,406.5663153841824,407.3018019842485,407.3085438299825
1.680000000000001,-0.02659284543513729,-0.06539640297578767,12.631927050930479,0.030452800835963245,0.018067798982339234,0.0,-0.0760797786413228,-0.0317124502369409,2.832072619131357,0.11842174549676603,0.02833248461831561,0.0,415.16924303852915,417.37633509178255,415.0508609325468,417.10819379388437
1.740000000000001,-0.03149515286002432,-0.0667164437283904,12.80254593729592,0.037622225396486186,0.01955245339419065,0.0,-0.08747491548641509,-0.011644116397166575,2.855142222342898,0.12154444414537208,0.01637781948526606,0.0,420.4721540350665,419.43532821792263,419.64983415332296,419.9345732435244
1.8000000000000012,-0.03718819968510209,-0.06653721674014823,12.97870179019746,0.04432881477226136,0.02051694089859435,0.0,-0.10239347737445016,0.018403115031307076,3.0162738172400507,0.0708681348318756,0.015461772450112604,0.0,464.20938739026013,464.1373949061866,465.14321637361405,461.166857225906
1.8600000000000012,-0.04366043274341651,-0.06471789091681358,13.157869428929368,0.048728913180349664,0.021765852618296222,0.0,-0.11343765522683742,0.042587697689782766,2.9561184524849224,0.07785876606467763,0.029806395884267308,0.0,391.20023150265274,392.533765658984,392.74676850610325,393.39955793503333
1.9200000000000013,-0.051007071851846275,-0.06095188948330834,13.341971683527182,0.05372456199886866,0.023939641713748294,0.0,-0.13167863079034636,0.08349969602336682,3.179989874948036,0.09231679634608995,0.04669682936621929,0.0,482.9308519749283,484.20364728342946,481.530422753076,482.62788321708604
1.9800000000000013,-0.059396198986538785,-0.05484983000792839,13.53504533253544,0.05925569593728586,0.02641739431219481,0.0,-0.14821685998528084,0.12043490901737457,3.2555440228150743,0.09192199761489316,0.027391659083913077,0.0,439.38490747455677,437.7823567091003,439.818298562414,439.7928562680296
2.0400000000000014,-0.06876354338664546,-0.046557157954148144,13.730397470115152,0.06447929586781864,0.028768377263922673,0.0,-0.16420857141954934,0.15645794087376308,3.2561516158180313,0.07494065538929945,0.055960001041468005,0.0,414.2531653796613,416.7586158305003,415.68926028284073,414.20520973868975
2.1000000000000014,-0.0793919344296982,-0.03544679348683996,13.93444178738675,0.06943691198205126,0.031927786315456785,0.0,-0.19047112834487623,0.2144486471816125,3.544413889563767,0.09472831898607452,0.04506368750529393,0.0,502.5564807659453,501.76749932968784,503.07891949588134,504.5142169541503
2.1600000000000015,-0.09149857174191955,-0.02110849713128828,14.150270424090662,0.07452077957914582,0.03535026391551188,0.0,-0.21339516821397814,0.26405173512165003,3.6494795191839597,0.036650372004450975,0.07400763586641979,0.0,449.0531964443456,451.39712138016137,454.2340422595646,449.55687139163797
2.2200000000000015,-0.10503159500246713,-0.003757544192421087,14.371668615602097,0.07642992402217264,0.03986152508826546,0.0,-0.23814072785128912,0.31449733070307495,3.730152827631165,0.019789450383495808,0.07744783854270193,0.0,443.70891036805017,443.99570430339674,445.332010329773,443.9509751123868
2.2800000000000016,-0.12027748706072186,0.016911178720693695,14.601243580506859,0.0772373236059245,0.04416664401165793,0.0,-0.270551588469602,0.3745278941881747,3.9216585933430435,-0.0038758632502716977,0.05682255310334841,0.0,478.1011706306529,476.5305279606413,480.6864668245499,478.8895627092957
2.3400000000000016,-0.13740627090843463,0.04092277272319,14.838795735918543,0.07654547354931207,0.04767404083858917,0.0,-0.3007368317874809,0.42579671878697606,3.996456441889891,-0.034819147178675125,0.06153808992471542,0.0,444.93654701958735,445.32483324876296,445.113892306498,442.5741906496942
2.4000000000000017,-0.15649932638738473,0.06811610961088731,15.082499360709923,0.07439437824928063,0.052195470127863075,0.0,-0.33612310738781354,0.48038102829044077,4.12651149137873,-0.03800032861608042,0.0941309094381668,0.0,461.1817641398101,463.75306273539246,462.0306298389742,461.77921889808664
2.4600000000000017,-0.17777337556524225,0.09847166980719976,15.333132511258784,0.07209665104340512,0.057678296159238585,0.0,-0.37356186700304267,0.5312020491241204,4.227523259275277,-0.03889218505269499,0.08522240127469889,0.0,454.65174183034406,453.9441619640193,454.3598481171881,454.2876583052972
2.520000000000002,-0.20147686509559132,0.13191378026431322,15.591026722900137,0.06978540131085786,0.06313883438349421,0.0,-0.41709702813455635,0.5832370398885376,4.36838212868376,-0.03778845004233759,0.10060338447619183,0.0,466.5965135993877,467.8022583442234,467.32791420941396,467.4133003985007
2.580000000000002,-0.22790763100861586,0.16841716909717894,15.857242148906485,0.06718316992526141,0.06915745886806857,0.0,-0.46454184520145925,0.6332373453527472,4.50488637082087,-0.05790191183903929,0.09971839956318494,0.0,467.29176211844083,467.23090807679114,467.81034028384204,466.24034478251656
2.640000000000002,-0.2572515968746113,0.20779588425481033,16.130715180584275,0.06315421234037721,0.07569681626132763,0.0,-0.5142091333312625,0.6789766696249828,4.610413914762422,-0.1013835965851493,0.1230005306006361,0.0,458.0751021823422,459.9327648209371,460.5695110036919,457.11318187316704
2.700000000000002,-0.28968612433110874,0.2497971977633133,16.410115714960988,0.05714747962321276,0.08318603237143041,0.0,-0.5676625890414345,0.7204191156010621,4.702518122776471,-0.09768538303564388,0.12822844065126848,0.0,455.73228386418805,456.163711693595,455.4306240370868,455.71797532758876
2.760000000000002,-0.32538741370984164,0.2940973646696765,16.693919712884504,0.050999588406467566,0.09081048204938202,0.0,-0.6230911273877587,0.7556541885157636,4.757334868135118,-0.11432075560435344,0.12466208214042625,0.0,445.84277474769374,445.5659342549401,444.99475102765234,443.62142934462406
2.820000000000002,-0.3648816434835447,0.34055847123574534,16.984466297774844,0.04405669190676953,0.09834533467430884,0.0,-0.6941590147001651,0.7922211138760469,4.926766841314562,-0.11865733167175622,0.12735615107279838,0.0,480.8766524058696,481.0937375155756,480.07316921115466,479.7330701339683
2.880000000000002,-0.4086425956699231,0.3889783625806796,17.283473635859323,0.03679551801132952,0.1058941145799972,0.0,-0.7652788035813177,0.8209892269832859,5.039578223114262,-0.12621507117748623,0.12253640239915384,0.0,464.9733776246546,464.60922813235464,465.8449004422811,465.2409281208015
2.940000000000002,-0.45660219706337474,0.4388913304456244,17.58712886180335,0.029143830074295884,0.11364391090027137,0.0,-0.8340625779145198,0.8420395236030749,5.081998904024894,-0.13028977941030165,0.13989410585351938,0.0,444.3434849965713,445.77941261336116,444.19055032817914,443.8413407294658
3.000000000000002,-0.5088766636615117,0.4899270177284935,17.893637902376714,0.021523558878791427,0.12225685348783966,0.0,-0.9092002709409402,0.8583922049388742,5.134630890776221,-0.12113826558825891,0.149999887713237,0.0,447.47959409575753,448.32057996661075,448.43036425288193,449.158661596867
3.0600000000000023,-0.5653136642132005,0.5417122048260734,18.199160214211282,0.014428044543033813,0.13157136498246302,0.0,-0.9727655708944123,0.8672357273177765,5.049725597560414,-0.11304962394677148,0.1640651009145916,0.0,403.070482701494,404.36507605602884,402.9821731057581,403.6986396365792
3.1200000000000023,-0.626112313370827,0.5939587293644892,18.502585057584604,0.007682146822332037,0.14137331254641072,0.0,-1.0547232815912018,0.8736946799111424,5.064219496916121,-0.11122450433701682,0.16193117007247299,0.0,436.8894270611382,436.7373861230746,435.906438907964,436.0474586961891
3.1800000000000024,-0.6918301167007446,0.6464612211170762,18.805634158931706,0.0017689658117205909,0.15122191742286617,0.0,-1.1367000057788341,0.8758591378311291,5.037374058527858,-0.08089307210467828,0.16823136866750146,0.0,423.4182321701416,423.9870702480099,421.5504916744362,424.15435240821563
3.2400000000000024,-0.7626912216277586,0.6989969230133117,19.107414129827692,6.279752397671544,0.16154246033666997,0.0,-1.2262112283767546,0.8748985946741792,5.02183027486452,-0.10201602733751129,0.17864986174976835,0.0,427.1969453714517,428.11409435608687,427.6024112584533,425.7920587585396
3.3000000000000025,-0.8392088208106941,0.7513769787167391,19.408872067058894,6.27371737202677,0.17200692442056642,0.0,-1.3253000388744756,0.8705608437148249,5.026517878180313,-0.09786504409961291,0.16419676262224295,0.0,434.69142279740834,433.5082843889157,434.04341794699735,434.38269699604206
3.3600000000000025,-0.9219572434040567,0.8033825077472574,19.711150118642806,6.26747686245411,0.18205259615876557,0.0,-1.4338595753265098,0.8624077781091095,5.049067522472554,-0.12058371123734071,0.17320537207578027,0.0,440.7122437270538,441.48328076880523,440.88531331653144,438.9940406422804
3.4200000000000026,-1.0117406934710345,0.8547478862139923,20.016538121033452,6.259998882517191,0.19206554990523816,0.0,-1.559864084187108,0.8490454013067451,5.12986693485458,-0.1342871186103605,0.14962499338560753,0.0,460.5825543400493,458.73875630472133,460.3600672749286,459.2606265773906
3.4800000000000026,-1.1091737003022994,0.9051709732658253,20.32617628944032,6.252059112816021,0.2006594440993794,0.0,-1.6886936766705591,0.8309590412139058,5.1908327979108435,-0.1286802771093745,0.12568887864566775,0.0,454.7247276962355,452.8212205508964,455.8609062709923,456.2931583096155
3.5400000000000027,-1.2150793588020572,0.9542626389748027,20.642249379493865,6.2440890457855165,0.20831399653124727,0.0,-1.842177961045205,0.8045956184140979,5.34389167128894,-0.14279206766690444,0.1311019449112737,0.0,484.52404863456877,484.9442419600591,484.14027505776704,483.06235170486116
3.6000000000000028,-1.3298700980721971,1.0016868656712987,20.965115256360193,6.235537096633777,0.21623972407985992,0.0,-1.9848753935171284,0.7753911168651401,5.417613377270379,-0.14201890935905373,0.13400992222937874,0.0,461.89529088848593,462.13990490654146,462.5138888357692,462.55672558136325
3.660000000000003,-1.453585727936798,1.0471452085818647,21.29326105122357,6.227395557595626,0.2246961507173717,0.0,-2.139707875869913,0.7390734805618949,5.519688244747005,-0.12536330331264825,0.15206967625468631,0.0,472.20357118331356,473.61184241735407,471.3729204897416,472.6424660350216
3.720000000000003,-1.5855214748413173,1.090571976844556,21.622040889990497,6.220150095076562,0.2342785042626918,0.0,-2.258942132637457,0.7079241941974141,5.439671683718009,-0.1128579730858883,0.17173743754107634,0.0,413.4635390068415,415.2189177668547,415.71728678163703,416.7975024226597
3.780000000000003,-1.7256630157627981,1.1317839787145587,21.949694209320704,6.213209456845195,0.24462138283500767,0.0,-2.413340603524238,0.6652130199328834,5.481412809702264,-0.12200792470926082,0.17363715304637978,0.0,455.4640310159151,455.64370471595714,456.25908032607276,455.5161880113632
3.840000000000003,-1.8748416104410854,1.1704262590163168,22.278085461012157,6.206293031245426,0.2558443454018473,0.0,-2.5602051512446127,0.6222918474046082,5.464537610846141,-0.10440012006891283,0.2054219887293095,0.0,437.07251414836173,439.7474905966918,437.3527192299082,438.8048182395678
3.900000000000003,-2.034111570011663,1.2060658391592218,22.60945461489688,6.199515173205672,0.2691246773515745,0.0,-2.7499474962434327,0.5651290598213909,5.57981251978453,-0.14160323064119737,0.2419863866594587,0.0,478.98002144063935,481.79613649495985,483.21579735294284,480.3914084624927
3.960000000000003,-2.2034880198383973,1.2386114316234698,22.94202193243961,6.190735498899285,0.28373161934346314,0.0,-2.89710915874947,0.519089506275431,5.50547427847361,-0.15800599424733303,0.2462191502377338,0.0,421.9384209491463,422.3664219321265,423.83264731854973,422.3986950438957
4.020000000000002,-2.383324264646448,1.2678177502216679,23.27476815346258,6.181617430848906,0.29832073941921866,0.0,-3.098706940731592,0.45365432336407113,5.584771571214607,-0.14203142897940338,0.23619399984156855,0.0,473.8007280554914,473.08427359213493,473.44239786049525,474.6497451003436
4.080000000000001,-2.5747107704616337,1.293209110917777,23.609451434784933,6.17325749482648,0.31281445251827833,0.0,-3.282022723365894,0.3920866976359549,5.57055570179853,-0.1344222695471208,0.25055847150956884,0.0,444.28940780113334,445.523732204114,447.81933249702666,448.4201050859538
4.14,-2.7769014561068817,1.3149314582996088,23.94178820953362,6.166127553671696,0.32773391069112545,0.0,-3.4588629538475186,0.33147488826631755,5.5067792090696175,-0.0984561714875376,0.24456512459453655,0.0,432.35692899801364,431.91544616051334,429.52048414889185,432.5465194058349
4.199999999999998,-2.9907550122806694,1.3326452918549905,24.27253704802848,6.160228311332764,0.34198898671578704,0.0,-3.6707602175041356,0.2585983269820187,5.517106428996194,-0.09805135061951072,0.2176005301823319,0.0,457.66206766688566,455.5642346828653,458.9800319797845,459.0042077516979
4.259999999999997,-3.2180679637148013,1.3457298078094715,24.60512612169986,6.15446116978875,0.35516911701304554,0.0,-3.907371269501035,0.17717822341502493,5.56783628144952,-0.09251281068313352,0.2235073690012467,0.0,473.2627911011531,473.76176169520335,472.63704478491644,473.05652104890896
4.319999999999996,-3.4589506166890183,1.3541473018161714,24.938260671647818,6.149448760689424,0.368811057447636,0.0,-4.123106141149305,0.10310253061045098,5.53573434670273,-0.06987531008317358,0.23412852797112538,0.0,447.8430165862367,448.75697017436624,448.88678452240646,450.7146280526623
4.379999999999995,-3.7142839201956592,1.357623425898907,25.272563943737772,6.144940626135398,0.3831490758498006,0.0,-4.389071352776279,0.012589180594518825,5.606002294899165,-0.08855740367781888,0.24720190476904974,0.0,484.40961806985837,485.44345170314324,484.81402039483095,483.4039147950126
4.439999999999993,-3.9849972780027074,1.3558982513899562,25.6087914418743,6.139483371643566,0.39794006758841327,0.0,-4.635809619165545,-0.07036576219830668,5.600255511682208,-0.09623553355238644,0.24511232064977267,0.0,464.3033403761705,464.19734601184496,463.5411077433124,462.9305860286115
4.499999999999992,-4.271102389706038,1.3490148735417093,25.945259992879688,6.134033626480809,0.4126991449689186,0.0,-4.902085422815577,-0.15934513362724945,5.613799641774734,-0.08176748038813238,0.2476710896821446,0.0,473.2855104904803,473.5389501135688,472.21505228572545,473.32359642035806
4.559999999999991,-4.57083347483263,1.3376149609656691,26.276476397259398,6.1295708491226755,0.4271732042620098,0.0,-5.090087338756345,-0.22088832839777084,5.426549232744077,-0.06265530904891972,0.22354195760097287,0.0,407.21344079713214,405.1120460533273,404.50630269675895,406.2192151715365
4.6199999999999894,-4.884420730832041,1.3216907783024692,26.60148740492531,6.1255855347585175,0.44085459516600434,0.0,-5.363751989571805,-0.31001029624502907,5.405721025152709,-0.0752788457532219,0.23573166758804293,0.0,465.94397640077773,466.94496532260774,466.2051802601839,465.21442155591564
4.679999999999988,-5.213223208194091,1.3008608618067241,26.922053108425505,6.120843430839042,0.4552825074504945,0.0,-5.597378155406285,-0.38450227207987775,5.279007489658025,-0.08786174037066972,0.24854630510446335,0.0,432.317033776558,433.45491786402533,432.3573299400654,431.2903002814977
4.739999999999987,-5.556065455211047,1.275586466737832,27.234461040247453,6.115958389487712,0.4715455039725347,0.0,-5.8318209985440586,-0.45816923321270625,5.13376432962678,-0.07092599837306543,0.29667843566185303,0.0,425.44641761052543,429.6224152051422,426.9940835149224,428.43108154367417
4.799999999999986,-5.914144170287663,1.2455566988743392,27.539766592914834,6.1119430650090045,0.48945058881846215,0.0,-6.10530383130285,-0.5428775131924902,5.0416429116686885,-0.0599262264194513,0.30168031166885984,0.0,448.1502629292028,448.6464593976349,449.83663740714695,450.7234206587853
4.859999999999984,-6.287889766167047,1.2107495988618096,27.837455155688794,6.108569058799635,0.5072119963547808,0.0,-6.354069984413395,-0.6173977312497291,4.880286518645801,-0.049718914095578014,0.2812742531067764,0.0,428.28905253008526,426.6418295603871,426.8735383192252,427.74162968428686
4.919999999999983,-6.677822927710673,1.1711473313362206,28.127062081078535,6.106237900306773,0.5239560682440771,0.0,-6.644738980158868,-0.7025946332683236,4.771776719974866,-0.023051259777889153,0.27425580956461226,0.0,448.9630835531561,448.47111623104456,449.66089876477633,451.81579400810307
4.979999999999982,-7.08563096257906,1.126388874302951,28.4102408739407,6.104460692413895,0.5402841240592311,0.0,-6.9498238558634595,-0.7891717506080991,4.665896780926826,-0.047900537182761965,0.26752399775389013,0.0,454.35616046276766,453.8890379407946,455.7120991728696,453.72049853968736
5.0399999999999805,-7.511581918327302,1.0765698156492784,28.68616054037372,6.101406117081442,0.5563367065446005,0.0,-7.24948377489152,-0.8713933773613625,4.529916674431342,-0.057730558461593154,0.2675810142512396,0.0,447.9049930628057,447.981226472003,447.1796437741908,446.37626624725516
